105
146755893 1
99 100
100 99
999999999 1
4 3
3 6
200 99
4 8
1 10
3 3
103 100
198 100
200 100
5 1
2 99
202 100
196 99
197 100
114382 1
98 100
3 5
97 100
128124448 100
2 1
1 31
98 99
4 5
1 1
4 1
3 7
1000000000 1
692322617 52
538816732 85
3 1
198101484 78
199 99
671654092 96
3 2
345560726 67
968261572 81
4 6
417021999 1
96 99
1000000000 2
2 3
1000000000 99
273049978 17
201 99
997184809 100
1 2
9 3
4 9
201 100
1000000000 100
236088977 100
7 3
97 99
203 100
670528042 10
1 3
5 3
558689828 44
7 2
102 100
4 7
3 4
101 99
313424185 10
101 100
6 3
4 4
5 2
2 2
1 73
195 99
999999999 2
1 100
2 100
138 6
197 99
4 2
6 2
894606664 83
3 99
198 99
999999999 99
417304805 46
1000000000 3
1000000000 40
8 3
396767469 94
27387596 54
876389147 87
199 100
99 99
443452894 88
102 99
100 100
3 100
999999999 3
1 99
2 5
1000000000 94
2 4
999999999 100
